352      FT911-519          1     1.0
352      FT911-4561          2     1.0
352      FT911-328          3     1.0
352      FT911-3936          4     1.0
352      FT911-521          1     0.7067901635593883
352      FT911-559          2     0.6376281863806987
352      FT911-4561          3     0.632941962498478
352      FT911-4103          4     0.6235277473869536
352      FT911-1078          1     0.7110609846682343
352      FT911-4650          2     0.6536144025414672
352      FT911-404          3     0.6471753518059552
352      FT911-1879          4     0.635510862023023
353      FT911-4348          1     1.0000000000000002
353      FT911-4349          2     1.0000000000000002
353      FT911-558          3     1.0000000000000002
353      FT911-1769          4     0.8630678827401473
353      FT911-1769          1     0.7005206001765659
353      FT911-4349          2     0.6836116842318211
353      FT911-4261          3     0.6180157060608208
353      FT911-558          4     0.6155964352248463
353      FT911-4349          1     0.7820234897602235
353      FT911-4348          2     0.7534627253958945
353      FT911-558          3     0.7534627253958945
353      FT911-4261          4     0.7530065668773496
354      FT911-2618          1     1.0
354      FT911-1958          2     1.0
354      FT911-2436          3     1.0
354      FT911-501          4     1.0
354      FT911-1308          1     0.6293245722450039
354      FT911-379          2     0.6033315978430498
354      FT911-2785          3     0.5325043914518732
354      FT911-2621          4     0.5230761032121577
354      FT911-1585          1     0.5933367148972719
354      FT911-1308          2     0.5889743432384862
354      FT911-471          3     0.579170367507605
354      FT911-1199          4     0.5691601059381862
359      FT911-3406          1     1.0000000000000002
359      FT911-2637          2     1.0000000000000002
359      FT911-3000          3     1.0000000000000002
359      FT911-165          4     1.0000000000000002
359      FT911-4176          1     0.6497368828590088
359      FT911-428          2     0.568704917172268
359      FT911-559          3     0.5645584724294033
359      FT911-4650          4     0.561435162939097
359      FT911-4650          1     0.8792376961951349
359      FT911-2032          2     0.8261435051593974
359      FT911-1309          3     0.8176811255993358
359      FT911-3406          4     0.8072832093771791
